2
1
2
20
20
8.018554027649204e-18
-6.808292666829983e-40
-0.10983891785144806
5.903261629970738e-31
-2.289341938822919e-39
-0.3335016965866089
-0.18408584594726562
-0.2843717038631439
0.37834978103637695
-0.0926889106631279
-0.1431502401828766
0.10881100594997406
-3.037266777276254e-39
-2.5043836796023733e-11
-0.5602118372917175
-0.10064874589443207
-0.15475483238697052
0.13670510053634644
-0.00895068608224392
-0.013724057003855705
0.502920389175415
0.075002022087574
0.12404166907072067
0.07719225436449051
-4.113997892592621e-39
2.4628521159740822e-39
-0.12155485898256302
5.403723571889432e-39
-9.811417764392719e-14
-0.13718737661838531
0.096839040517807
0.15951856970787048
0.09662959724664688
-0.07257656753063202
-0.11183939129114151
0.16561399400234222
-0.01278011966496706
-0.01980217918753624
0.0476522296667099
0.038685161620378494
0.05986609309911728
0.45593026280403137
-0.14861038327217102
-0.22955085337162018
0.17421714961528778
4.4123595590197326e-39
-3.56853340724215e-26
-0.258633017539978
0.027069076895713806
0.044189080595970154
0.026718445122241974
-3.4811016291769192e-09
9.985802795714329e-39
-0.19708777964115143
-0.023616308346390724
-0.036332253366708755
0.19040732085704803
0.044335342943668365
0.06850554794073105
0.47019022703170776
-0.00025534280575811863
-0.006470871157944202
0.04288550466299057
0.021375030279159546
-9.233336868419428e-07
0.023267682641744614
0.0021234324667602777
-0.01809290423989296
-1.1811372153576307e-23
-8.709838584763929e-05
-0.023333312943577766
0.016740707680583
0.0005081989802420139
-0.008910057134926319
0.034608520567417145
6.46221799613011e-20
-0.0064430139027535915
-0.005509479437023401
0.005501274485141039
-0.009032347239553928
0.006915987003594637
-1.1355504429854993e-19
0.00046624758397229016
0.6270288825035095
0.31856220960617065
-0.0002887129667215049
0.34488099813461304
0.030934469774365425
-0.2710573971271515
-3.6515453416541277e-07
-1.3416735278326541e-08
-0.34453997015953064
0.24572764337062836
0.04404290020465851
-0.1338222175836563
0.5041049718856812
-0.0001611376355867833
-0.09605072438716888
6.364228397615079e-07
0.0804659053683281
-0.15221241116523743
0.37040358781814575
0.0027875201776623726
-9.198869520332664e-05
-0.3906528353691101
-0.19090299308300018
2.372584129162192e-09
-0.20912514626979828
-0.018032588064670563
0.16369600594043732
-3.9337759467018725e-22
-7.441299540561276e-38
0.21589769423007965
-0.14905765652656555
-0.026848535984754562
0.08010993897914886
-0.30682608485221863
0.000140051226480864
0.05806519091129303
-0.0017893059412017465
-0.04836856201291084
0.09347864985466003
0.3874739408493042
-0.0014213980175554752
-0.00031457989825867116
-0.10983944684267044
-0.053559787571430206
4.660466458620763e-40
-0.05830737203359604
-0.004279024433344603
0.045720502734184265
-7.114330646244666e-39
6.178050293570436e-10
0.05883025750517845
-0.04190872237086296
-0.007301418576389551
0.023451972752809525
-0.08589455485343933
-9.558712190482765e-05
0.01657060533761978
3.1737906169837515e-07
-0.00882752425968647
0.025777896866202354
0.21767695248126984
5.792507181467954e-06
-4.2222993101859174e-07
-0.4134712219238281
-0.20728518068790436
-2.9896573498083834e-12
-0.22560136020183563
-0.019630473107099533
0.1839093416929245
0.0003669787256512791
-9.625491830184737e-16
0.22703950107097626
-0.16137263178825378
-0.029121043160557747
0.08701460808515549
-0.3315733075141907
6.187493454490323e-06
0.06493387371301651
0.029380468651652336
-0.053280360996723175
0.10315093398094177
0.40781980752944946
0.00023350825358647853
2.5382027369977563e-38
-0.27103641629219055
-0.1377590298652649
1.6079696463222604e-09
-0.15418289601802826
-0.01183885894715786
0.12072382867336273
2.5148874072101167e-14
-0.001272731926292181
0.16086187958717346
-0.10691016912460327
-0.01865115389227867
0.06351543962955475
-0.23092225193977356
1.3290180882364787e-39
0.044111382216215134
-1.669717885815468e-38
-0.03648537024855614
0.06897777318954468
0.3102891147136688
-0.005455266684293747
-2.714954803195724e-07
0.8423590660095215
0.42703405022621155
-0.001442143926396966
0.46180596947669983
0.04220549762248993
-0.36237427592277527
1.2291794962890356e-38
1.3393403053285624e-09
-0.46219104528427124
0.3330972492694855
0.05902351066470146
-0.17863644659519196
0.674750030040741
0.0002393493487033993
-0.13009358942508698
-1.707888794581433e-14
0.10823492705821991
-0.20472492277622223
0.5394911170005798
4.700821955339052e-05
-0.001077054999768734
0.701580822467804
0.3575441539287567
-1.5853470909083127e-19
0.38301870226860046
0.03505915775895119
-0.3000592589378357
1.228159657036109e-15
-0.000580289401113987
-0.39085298776626587
0.2801339030265808
0.049499042332172394
-0.1497405767440796
0.5744783878326416
-0.0008464584825560451
-0.10709954798221588
0.0015782072441652417
0.09091612696647644
-0.16996054351329803
0.2846069037914276
-1.2920843865324438e-13
3.807551537569583e-21
0.6756037473678589
0.3376942574977875
-1.8580589855235057e-38
0.3667181134223938
0.038679271936416626
-0.2894172668457031
-0.00019256657105870545
-0.003163975430652499
-0.36582258343696594
0.2659767270088196
0.047360166907310486
-0.13606742024421692
0.5446012020111084
-0.004603881388902664
-0.10158781707286835
2.7088217393611558e-05
0.0882808193564415
-0.1566765308380127
0.10458187758922577
1.07309324448579e-06
7.926257931949857e-25
-0.767262876033783
-0.38575953245162964
-7.856082788748608e-07
-0.4176950454711914
-0.0030508770141750574
0.3445090055465698
0.000163265474839136
0.04139203578233719
0.4381517171859741
-0.2994120419025421
-0.05252967029809952
0.17901530861854553
-0.6264576315879822
1.7498751086930634e-17
0.12407294660806656
0.007218149024993181
-0.0925087109208107
0.2018091380596161
0.699691653251648
0.000755158020183444
7.91345033945845e-09
0.8240153789520264
0.41288772225379944
-0.02961902879178524
0.44953784346580505
0.06632836163043976
-0.3185226023197174
0.0007431385456584394
5.6164441048167646e-05
-0.44158291816711426
0.3261171579360962
0.06624428927898407
-0.15785065293312073
0.6628507971763611
-0.011057780124247074
-0.1285264492034912
-1.7321883206022903e-05
0.11012832075357437
-0.17100192606449127
0.09054389595985413
7.623386045452207e-05
-0.00011740197805920616
-0.40617835521698
-0.20450077950954437
-0.0025538646150380373
-0.22146129608154297
-0.017227036878466606
0.1798371821641922
-0.004761773627251387
-7.738723763656796e-21
0.22644968330860138
-0.15051521360874176
-0.0281493179500103
0.09191732108592987
-0.3282720446586609
-0.0023433701135218143
0.06389155983924866
-6.643058014788039e-08
-0.05125122889876366
0.10903938114643097
0.38519737124443054
-2.2460415038949577e-06
-1.9457368291378452e-38
-1.2194512567746765e-31
0.00022670933685731143
4.724386235466227e-05
-1.1336296523722922e-07
-0.0013612676411867142
-0.002608126262202859
-3.400469326244603e-39
9.770640463102609e-05
5.476764007583679e-12
4.210341231214443e-08
-1.7435019952858733e-38
0.0003453515819273889
2.2360026338171664e-38
-9.616484749130905e-05
-0.009172836318612099
0.007951240986585617
0.00030332390451803803
-0.0007629843894392252
-0.1900293081998825
9.595387382432818e-06
-0.0008832817547954619
-0.6388007402420044
-0.3217162787914276
-6.0980949179167965e-09
-0.3530997931957245
-0.025405649095773697
0.28284555673599243
4.1906832848326303e-07
-1.4545476368504895e-12
0.3694378733634949
-0.2513675391674042
-0.043984029442071915
0.14293086528778076
-0.5135157704353333
2.9689830594037403e-09
0.09836876392364502
-0.010354766622185707
-0.07987899333238602
0.15881292521953583
0.6106095314025879
-3.385884905782177e-09
2.481946769368358e-38
0.5283079743385315
0.26568368077278137
-0.008900458924472332
0.2875395119190216
0.026340587064623833
-0.20231372117996216
-6.811086855967847e-39
-8.147014887072146e-05
-0.2867654860019684
0.20720577239990234
0.03791847825050354
-0.1113954558968544
0.42574384808540344
6.856828322719107e-17
-0.08651672303676605
-1.0518224371480756e-05
0.06738371402025223
-0.12772755324840546
0.4518558084964752
-9.644613601267338e-05
-4.985879487503951e-25
1.5627734661102295
0.7938677072525024
7.963206007843837e-05
0.8496177196502686
0.07628818601369858
-0.6819126605987549
-2.4687706401680045e-38
-0.013240814208984375
-0.8778376579284668
0.6207226514816284
0.11892073601484299
-0.32293900847435
1.2701292037963867
1.2881026123068295e-05
-0.24081911146640778
-0.0008943830616772175
0.19560568034648895
-0.378391295671463
0.41827505826950073
1.6846945434126323e-38
-0.004666272550821304
0.04029049351811409
0.020188700407743454
2.8561968790086212e-08
0.02178809978067875
0.0001662989816395566
-0.016977673396468163
-0.00013195110659580678
1.916179941279074e-38
-0.021864771842956543
0.015848413109779358
-0.0025693634524941444
-0.008482320234179497
0.032564859837293625
-1.272609066195994e-14
-0.006097014993429184
0.0004095611802767962
0.005186040420085192
-0.01031865831464529
0.11924862116575241
-2.0157731896233404e-26
-9.345358931156511e-10
-0.1063675731420517
-0.05430469289422035
-0.0002749422856140882
-0.057749807834625244
-0.005217425990849733
0.047297295182943344
0.0010378503939136863
0.004062127321958542
0.05862199887633324
-0.042082324624061584
-0.003409535391256213
0.02274075709283352
-0.08568786829710007
-4.404905666888226e-07
0.01628846302628517
0.0012564202770590782
-0.02114679105579853
0.025594692677259445
0.3232872784137726
-0.01969357766211033
0.004083098378032446
0.6577818989753723
0.33053985238075256
2.1958089746476617e-07
0.36246979236602783
0.033581219613552094
-0.28337588906288147
1.4919468926347795e-16
0.00042229931568726897
-0.36358335614204407
0.26020678877830505
0.009864860214293003
-0.14014214277267456
0.5357894897460938
3.1572973114402754e-16
-0.10081464797258377
0.00012879262794740498
0.09516129642724991
-0.1586855947971344
0.3301509618759155
9.23195159430179e-07
0.0010436917655169964
-0.5945701599121094
-0.2951396703720093
1.317824516103452e-39
-0.317668616771698
-0.028488265350461006
0.2717490792274475
-4.673801214807278e-39
-1.274782952580985e-25
0.33645790815353394
-0.2306308150291443
-0.0404287688434124
0.12302937358617783
-0.47092482447624207
2.4655936162896873e-38
0.09142498672008514
-0.0013761372538283467
-0.07436860352754593
0.14088979363441467
0.5891616940498352
0.013848872855305672
0.20450110733509064
-0.12434078752994537
-0.035068146884441376
-0.1342538297176361
-0.08993294090032578
0.2742299437522888
0.2300599366426468
0.21823906898498535
-0.2530252933502197
0.2652980387210846
-0.1327616572380066
-0.0023575802333652973
-0.20931649208068848
0.17056356370449066
0.5106565356254578
0.013032826595008373
-0.03485116735100746
0.21468418836593628
-0.1910029947757721
0.389483779668808
0.0
1.0
