2
1
2
20
20
-0.4934629201889038
0.436657190322876
-0.10300704091787338
0.4047786295413971
-0.40986084938049316
0.15486913919448853
-0.8836789727210999
1.2023975849151611
-0.07248269766569138
0.1545083224773407
0.038961756974458694
0.32013052701950073
1.2211427688598633
0.22371992468833923
-0.0039050898049026728
0.4597899913787842
-0.3635455369949341
-0.07528582215309143
0.12268995493650436
-0.34568852186203003
-0.03747105970978737
0.12219158560037613
0.8528639078140259
0.010681034065783024
-1.0257291793823242
0.9103063941001892
-0.09275253117084503
0.7693585157394409
-0.4429236054420471
-0.06875570863485336
0.8638043403625488
1.1299550533294678
0.027003886178135872
0.289389431476593
-0.013589322566986084
-0.09099311381578445
0.9051070213317871
1.2534617185592651
-0.039862051606178284
-0.8967376947402954
-0.06600504368543625
0.22589267790317535
-0.36635294556617737
0.2586723864078522
0.001228578737936914
0.7435487508773804
-0.38490912318229675
-0.06735479831695557
-0.8586602807044983
0.8276084065437317
0.058156441897153854
0.2970722019672394
1.036152720451355
-0.14570459723472595
-0.13383081555366516
-0.1243182122707367
0.15737269818782806
-0.08452166616916656
-0.7263370752334595
0.10701265186071396
0.6734068989753723
1.1776669025421143
0.7897358536720276
-0.7948915362358093
1.075520396232605
-0.7323801517486572
0.8614147901535034
-0.4778604209423065
1.207197666168213
0.6381585597991943
-1.038641333580017
0.4380325675010681
1.2413500547409058
-1.0424001216888428
-1.0241813659667969
-0.1639418751001358
-1.2539854049682617
-0.573135495185852
1.1099395751953125
-0.6330402493476868
-0.045211080461740494
-0.7386860847473145
-0.45096322894096375
0.12017437070608139
0.8005918264389038
0.8814494013786316
-1.1382523775100708
-0.8935933709144592
-0.7508411407470703
1.262039065361023
0.9436401128768921
0.8936088681221008
0.9174854755401611
-0.7690370678901672
0.9833877682685852
1.2479100227355957
-1.2489537000656128
-1.331419825553894
0.9859822392463684
1.1745227575302124
-0.143675297498703
-0.06323868781328201
-0.6487444639205933
0.752204954624176
1.4392377138137817
-1.2237234115600586
0.5798396468162537
0.27511993050575256
0.5919986963272095
1.1363558769226074
0.6388456225395203
1.4692542552947998
0.11125057190656662
1.1369552612304688
-1.0251796245574951
-0.6193026900291443
0.62815260887146
1.0875988006591797
0.8268718719482422
-0.5929235219955444
-1.0421842336654663
-0.2778235077857971
0.015605513006448746
0.25442513823509216
-1.2625616788864136
-0.39281314611434937
0.9717426300048828
0.1501532793045044
0.3993512988090515
-0.10727263987064362
-1.1907808780670166
-0.25193050503730774
1.0342243909835815
-0.1295604556798935
0.19381245970726013
1.1585144996643066
0.9967315196990967
-0.1183294877409935
1.1255251169204712
0.3176211416721344
-0.9397067427635193
-0.21466971933841705
-0.673576295375824
-0.09620561450719833
0.07848150283098221
0.7735616564750671
-0.48501056432724
0.17695260047912598
1.0697380304336548
0.5894718170166016
-0.11709555983543396
-0.03368181362748146
0.19490405917167664
0.3910938799381256
0.5967935919761658
-0.9246549606323242
0.8249945044517517
0.8830783367156982
-0.22400988638401031
0.907358705997467
-0.06933039426803589
-1.0855857133865356
-0.27401793003082275
0.8677085638046265
-0.10322406888008118
-0.8395393490791321
-1.3166723251342773
0.44900965690612793
-1.3438729047775269
-0.7137280702590942
0.9521690011024475
1.1330757141113281
-1.2535022497177124
0.13722796738147736
0.513190746307373
0.2909195125102997
1.0727735757827759
1.0638842582702637
0.1912854164838791
-0.08855057507753372
0.19981954991817474
1.3279398679733276
0.23779791593551636
1.1425265073776245
-0.7760704159736633
-0.06702494621276855
-0.6140117049217224
0.7859553694725037
-0.2833848297595978
0.1356779932975769
-0.676746129989624
0.16554634273052216
-0.46784707903862
0.22676785290241241
-1.3164281845092773
-0.6076478362083435
-0.034226905554533005
1.030592918395996
-0.1470341682434082
0.4817461371421814
0.8624821305274963
-0.5135263800621033
1.3396339416503906
1.2085057497024536
1.0393954515457153
-0.635256826877594
0.05223992466926575
0.41659659147262573
0.7100198864936829
-0.07248083502054214
0.4693531394004822
0.8045946955680847
0.33716288208961487
-0.17861615121364594
-0.745964527130127
0.0024279369972646236
-1.3186805248260498
0.17769214510917664
-0.757257878780365
-0.04457181692123413
-0.3615380823612213
0.13464969396591187
0.3353539705276489
-1.023040533065796
-0.3612789511680603
0.43335676193237305
1.1770268678665161
0.11392943561077118
0.15933792293071747
-0.374585896730423
-1.0148074626922607
0.34757381677627563
-0.3112296760082245
0.01204091776162386
-0.41519901156425476
0.766581118106842
-0.5286543965339661
-0.24549438059329987
-0.6241589784622192
0.998771607875824
-0.839155375957489
1.2139248847961426
-1.1337463855743408
-0.9887262582778931
-0.05988926440477371
-0.4304903745651245
-0.028338491916656494
-0.7212461233139038
-0.10718590766191483
-0.9620726108551025
0.4485620856285095
-0.4275871813297272
0.14339128136634827
1.0342473983764648
0.4627063572406769
-0.46730151772499084
-0.311293363571167
0.6836072206497192
-0.6410729885101318
-0.748532235622406
-0.03896235674619675
0.43708834052085876
1.1076377630233765
-0.8879672884941101
-0.9183740019798279
0.9974716305732727
-0.7935826778411865
0.23097944259643555
-0.7706276774406433
0.17223042249679565
0.7159454822540283
0.17909523844718933
0.31351929903030396
0.6653625965118408
-1.2944530248641968
0.6900017261505127
0.10954831540584564
-0.25973236560821533
0.6010039448738098
0.4724234938621521
-0.8323482275009155
1.0059113502502441
-0.240240216255188
0.9527552723884583
-0.8878737688064575
1.0607595443725586
-0.7830315232276917
-0.1674787551164627
0.7589552998542786
0.7394567131996155
0.11968857049942017
-1.2663538455963135
0.2615630626678467
-1.1712534427642822
-0.6403416991233826
0.19056648015975952
0.9224410057067871
0.20339252054691315
-0.7665771245956421
0.8301499485969543
1.291677474975586
-0.984938383102417
-0.5036615133285522
0.49218031764030457
1.0038248300552368
-0.15014787018299103
-1.54635488986969
-0.11944261193275452
0.6179103255271912
-0.1582334339618683
0.14165647327899933
0.08422677963972092
-0.42497408390045166
-0.3715853691101074
-0.6699881553649902
1.0756185054779053
-0.3805301785469055
-1.2146728038787842
-0.7635497450828552
0.9707386493682861
-0.9810779094696045
0.35435163974761963
-1.2277565002441406
0.8499913811683655
0.405283123254776
0.5518649220466614
0.05088130757212639
0.4073241055011749
0.05852734297513962
0.563347578048706
0.5511061549186707
-0.2851574420928955
0.08833339065313339
0.44718408584594727
1.182521939277649
0.6395688652992249
0.39545339345932007
0.07677089422941208
0.6995834708213806
0.9681177139282227
1.2207213640213013
1.1907531023025513
0.3596303164958954
-1.0520329475402832
-0.13433854281902313
0.7211510539054871
-0.5533003211021423
-0.0028601938392966986
0.22601543366909027
0.5410807132720947
0.7175273895263672
0.8678439855575562
0.08514150232076645
0.051550138741731644
-0.01686151698231697
-0.48537954688072205
1.2233082056045532
-0.005233659874647856
-0.8532588481903076
-0.009465347044169903
-0.1439293622970581
-0.06597539782524109
-0.5133005380630493
1.0440515279769897
0.3357906639575958
-1.0656864643096924
-0.06887993961572647
0.2409258782863617
0.867779552936554
-0.3282841444015503
0.4525522291660309
0.9125778675079346
-0.40553176403045654
-0.7831542491912842
-0.035551395267248154
0.3446294665336609
-0.7848929166793823
0.3557003438472748
-0.6621954441070557
0.7500497102737427
1.1957907676696777
0.8898472189903259
0.05379502847790718
-0.5681638717651367
0.5187117457389832
-0.7145498394966125
0.9061111807823181
-0.4550287127494812
0.259421169757843
-0.3504483997821808
0.4270068109035492
-0.049336522817611694
0.0563785582780838
1.1745524406433105
-0.20465990900993347
-0.1657211184501648
-0.2645929455757141
0.10706903785467148
-0.05025073513388634
0.7030496597290039
-0.37275028228759766
-0.805232048034668
-0.3785386383533478
-0.5968459844589233
-0.41051873564720154
-0.24539892375469208
-0.7575398683547974
-1.0426125526428223
-0.10721135884523392
-0.9396557211875916
-0.47672271728515625
0.015965698286890984
-0.3392208218574524
0.6917037963867188
-1.078302264213562
0.09506074339151382
0.0801587700843811
-0.4314543306827545
-1.4507137537002563
0.31638282537460327
0.9084179401397705
0.577136754989624
-0.7783646583557129
0.9300378561019897
0.5671762824058533
-0.30049702525138855
-0.15034033358097076
-0.867461085319519
-0.23032140731811523
0.4659152328968048
1.358699917793274
0.919696033000946
0.9281317591667175
-1.1106972694396973
-0.0883990079164505
-0.44003966450691223
-0.41050028800964355
0.062249958515167236
0.8966963887214661
-1.1774822473526
-0.22000360488891602
0.3571346700191498
-0.01315299142152071
-0.8710601329803467
1.1564183235168457
1.0934476852416992
-0.3529888391494751
0.9012383818626404
1.2175248861312866
0.8296198844909668
0.5037917494773865
-0.0402229018509388
-1.0324196815490723
0.13007043302059174
0.7689547538757324
1.0162253379821777
-0.9612736701965332
-0.7201811671257019
0.04667599871754646
0.5369265079498291
-1.2368874549865723
-1.5986203246581843e-13
0.4662167727947235
1.136061668395996
-7.070673799063065e-13
-0.39631345868110657
-0.9845131039619446
0.2173565924167633
-1.9709450738147893e-10
-0.44658663868904114
0.9201300740242004
-1.0837321281433105
-0.6034174561500549
-0.14406858384609222
-0.5519171953201294
-0.8443810343742371
-0.051759928464889526
1.7147915059467778e-05
-0.7195470333099365
-0.023046869784593582
1.1038810014724731
-1.0934556722640991
-0.9388443231582642
-0.1795770823955536
-0.04294436052441597
1.058387041091919
0.794040858745575
0.901824414730072
0.014520607888698578
0.6076195240020752
0.7136732935905457
0.479268342256546
0.7066444754600525
0.4734479784965515
-0.016701173037290573
-0.32397645711898804
1.026880145072937
1.0327919721603394
-0.44546499848365784
-0.2695101499557495
0.07365947216749191
0.0
1.0
