2
1
2
20
20
1.669686198234558
1.1191675662994385
0.14000524580478668
0.4595867097377777
-0.24741911888122559
-0.046708591282367706
0.916060209274292
-1.3429268598556519
0.3841915428638458
-0.6722418665885925
1.1540584564208984
-0.2903915345668793
-1.8064221143722534
-0.5615255236625671
-0.048496127128601074
-1.332135796546936
1.2856556177139282
0.10229690372943878
1.0934587717056274
1.7011290788650513
-0.10756856948137283
1.6833518743515015
0.6860405802726746
0.1527354121208191
-1.860456109046936
1.2153431177139282
-0.6337331533432007
-1.1747262477874756
-0.32440584897994995
-0.2627681493759155
0.25482556223869324
0.08268705755472183
0.03063611499965191
-0.10592173784971237
1.086706280708313
-0.10181671380996704
-0.3006151616573334
1.1132142543792725
0.08517231792211533
0.3564130365848541
-1.891221523284912
-0.04064303636550903
1.1005102396011353
-1.4267643690109253
0.10716423392295837
-0.6322185397148132
-0.5172765254974365
-0.02666458673775196
0.49186253547668457
-0.22740519046783447
-0.02674044482409954
1.0247715711593628
1.3457025289535522
-0.20830699801445007
1.6144481897354126
1.4501997232437134
-0.13105277717113495
-1.158509612083435
1.3135524988174438
-0.3161890208721161
-0.5259286165237427
-1.7121515274047852
1.5449349880218506
-1.876208782196045
1.5771913528442383
1.1105337142944336
1.3895307779312134
0.8941447138786316
-0.8899926543235779
0.34394654631614685
-1.906644582748413
0.24779216945171356
1.2152997255325317
-0.2983856797218323
1.3172821998596191
-1.370464563369751
0.8347193002700806
-0.7045834064483643
-0.9353686571121216
0.6952395439147949
0.422039270401001
0.974314272403717
1.9524575471878052
0.025145703926682472
0.5439444184303284
1.3709172010421753
0.6091272234916687
-1.8022247552871704
1.4650079011917114
1.7105647325515747
-0.2900199890136719
1.409833312034607
0.11160443723201752
0.2206251472234726
0.22815896570682526
1.135100245475769
1.2950518131256104
-1.3940962553024292
0.2545948028564453
-0.024739431217312813
-1.221714973449707
0.4000648558139801
-0.506062388420105
0.7455378770828247
0.5620490908622742
-1.3381457328796387
-1.270283579826355
0.13784447312355042
1.738675594329834
1.5053966045379639
1.6420907974243164
-1.6079360246658325
-1.398741364479065
-0.8222362995147705
1.704478144645691
-0.447514146566391
-0.31519654393196106
1.3554173707962036
-1.645699381828308
0.40957552194595337
1.6074639558792114
-1.8087371587753296
0.38875627517700195
-0.11708958446979523
-1.9760546684265137
1.1049760580062866
-0.09525267779827118
-0.9523365497589111
-1.1219391822814941
0.21801747381687164
0.9775418639183044
-1.0765302181243896
-1.2322187423706055
-1.681930661201477
-0.20616090297698975
0.7095327377319336
-0.6844559907913208
1.5428030490875244
0.34827661514282227
0.4521848261356354
0.14534179866313934
-0.9111921787261963
-1.613022804260254
-0.003691240446642041
0.9801480770111084
0.9408783316612244
-0.9213240742683411
1.109600305557251
-1.6179370880126953
-0.6086843013763428
0.3429059088230133
0.9910011887550354
-0.8796162009239197
-1.6349605321884155
1.111523985862732
-1.2336392402648926
-0.8956676721572876
1.5802375078201294
-1.8770158290863037
1.2132059335708618
-0.7000594735145569
-0.27781200408935547
0.4030427634716034
0.8761143684387207
0.3043201267719269
-1.0378648042678833
1.5793579816818237
0.4328754246234894
-0.712166428565979
1.4703773260116577
-0.6700633764266968
-0.9838982820510864
0.63442063331604
-0.3291555345058441
-0.8718491196632385
0.574648380279541
-1.5432934761047363
0.7952783107757568
-1.4546492099761963
-1.0554015636444092
1.5850765705108643
1.7722963094711304
-1.946597933769226
-1.4338997602462769
1.773552656173706
0.3744320273399353
-0.6723809838294983
-0.7470574378967285
-1.8367151021957397
0.7600849866867065
-0.8930979371070862
-1.8692153692245483
1.1101386547088623
1.7752337455749512
1.3847671747207642
0.4779166281223297
0.36505430936813354
-1.5153014659881592
-1.0709646940231323
0.5398269295692444
-1.7620806694030762
-1.5994868278503418
-1.7739624977111816
-1.047412633895874
0.33906063437461853
0.6115197539329529
0.06810735166072845
-1.5194488763809204
1.110501766204834
-0.22993753850460052
-1.1212509870529175
1.320407509803772
-0.762304425239563
-1.174458384513855
1.2751927375793457
-0.1787092536687851
1.1126259565353394
-0.15646617114543915
0.6665394306182861
-1.5005654096603394
-0.30947643518447876
0.8921684622764587
-1.1543527841567993
-0.5904397964477539
1.655099630355835
-1.7515616416931152
1.227480411529541
-0.11225947737693787
1.530258059501648
-1.4970437288284302
-1.0265344381332397
1.0007132291793823
0.9851251840591431
0.9689838290214539
1.8461962938308716
1.9684267044067383
-1.3755223751068115
-1.3094595670700073
1.0424020290374756
-1.0220887660980225
-1.0184776782989502
-0.46132010221481323
1.1489683389663696
-1.6305909156799316
-0.4708634912967682
-0.5668002367019653
-1.5501631498336792
2.022716522216797
0.0674828588962555
1.203035831451416
-1.103211522102356
1.2437440156936646
0.2811968922615051
-0.7629792094230652
-0.9960097670555115
-0.9332610368728638
-0.643314003944397
1.571264624595642
0.4400210976600647
1.4244322776794434
0.5642536282539368
-1.6193592548370361
0.06416139751672745
-1.8010566234588623
0.3092788755893707
-1.6626859903335571
-0.5033428072929382
-1.2104976177215576
0.3254067301750183
-0.5103066563606262
-0.6617717146873474
-1.4636492729187012
-0.738004744052887
0.12576135993003845
-0.8508977890014648
1.046421766281128
-1.3838387727737427
-1.2071607112884521
0.11583070456981659
-0.7544036507606506
1.1975842714309692
-2.0104029178619385
1.3817713260650635
1.4748221635818481
-1.01413893699646
2.141637086868286
1.43809175491333
-1.4109976291656494
0.7780618071556091
-0.2174479067325592
-0.19247452914714813
-1.6100505590438843
-1.4251377582550049
-0.4766557812690735
-1.5814810991287231
-1.0044968128204346
1.1529754400253296
1.3110839128494263
-0.734254002571106
1.7441529035568237
1.4163786172866821
-0.9349584579467773
-0.934423565864563
-0.5735872983932495
-1.3474801778793335
0.8760876059532166
-1.5720030069351196
-0.691752552986145
-1.7003086805343628
-0.5906672477722168
1.1738057136535645
-0.2833903133869171
0.9680342674255371
1.511588215827942
-0.626423180103302
-0.7009379267692566
-1.4970991611480713
0.8805248141288757
1.4546548128128052
-0.8652501106262207
-1.1036564111709595
1.4359633922576904
-0.6645966172218323
-1.340459942817688
1.5425827503204346
0.6955263614654541
-0.06052463874220848
-1.686232328414917
-1.1817915439605713
1.4564027786254883
-1.6081868410110474
1.2249258756637573
-0.05890452489256859
-1.2884939908981323
1.6144379377365112
-0.31639400124549866
-0.4692925810813904
1.424725890159607
0.8583065867424011
0.8489968180656433
-1.060616135597229
1.8120354413986206
1.7667557001113892
1.009463906288147
-0.5802144408226013
0.7423884272575378
-1.5931404829025269
-0.016642320901155472
0.42641156911849976
-1.4843412637710571
0.8721789121627808
1.712478518486023
0.7338061332702637
-0.4191029965877533
-1.1995607614517212
1.7988686561584473
0.28871485590934753
-1.835313081741333
-1.4440789222717285
1.129286527633667
-1.9488625526428223
0.6704303622245789
-1.879233479499817
-0.8984987735748291
-1.277085781097412
0.8793056607246399
-0.425263375043869
-1.5141594409942627
-1.4705485105514526
-0.8269875645637512
-1.227459192276001
-1.2992225885391235
1.4646711349487305
-1.6796866655349731
0.20705531537532806
0.15878552198410034
1.6539371013641357
0.49702247977256775
-0.28111687302589417
-0.41020867228507996
0.21263325214385986
-0.7611045241355896
1.0941884517669678
-0.7395564317703247
-1.4747906923294067
1.2180813550949097
1.1647831201553345
1.856917381286621
1.4739296436309814
-0.37752267718315125
-1.3257520198822021
0.8905806541442871
0.24385565519332886
0.8909962177276611
-1.4034714698791504
-0.19076021015644073
-1.6051506996154785
1.9378970861434937
0.7764647006988525
0.6346447467803955
-1.5305885076522827
-1.9499013423919678
-1.2552913427352905
0.7279618978500366
-1.5473475456237793
1.5133885145187378
1.4290268421173096
-1.1695109605789185
-1.7620849609375
1.5762232542037964
0.2333630919456482
1.6788522005081177
-1.85037362575531
1.7249290943145752
0.8192499876022339
-1.828282117843628
0.17384232580661774
0.2881574332714081
0.13642187416553497
0.8508567810058594
-1.6199456453323364
0.6156073212623596
-1.445456862449646
-1.4545658826828003
-0.8295280933380127
-0.8500135540962219
0.12089473009109497
0.8153938055038452
-1.6848468780517578
1.3053498268127441
-0.6638988852500916
1.0143431425094604
0.3727248013019562
1.8697372674942017
0.9885439276695251
0.3778873682022095
-1.2221567630767822
-0.2937646806240082
0.6412450671195984
-0.24086660146713257
0.392747163772583
-0.5837754011154175
0.0843852162361145
-1.003761887550354
-0.010930395685136318
-0.8927508592605591
0.09389732778072357
-1.8172117471694946
0.6492210626602173
0.7089447379112244
1.0418550968170166
-0.6408471465110779
-0.33015677332878113
0.8379069566726685
1.553026795387268
0.6260145306587219
0.6905333399772644
0.9089826941490173
-0.15538381040096283
-0.39017537236213684
1.4120616912841797
-0.38290679454803467
0.8776050806045532
1.2366530895233154
1.3828874826431274
1.5662572383880615
-0.9840455651283264
-1.9053137302398682
0.10635145008563995
-0.6330546140670776
1.448624849319458
-0.9753396511077881
-1.6172149181365967
-1.8023232221603394
0.7578129172325134
1.1199100017547607
-0.9480329155921936
0.0796668529510498
1.7502939701080322
0.23778662085533142
1.6747335195541382
0.8619170784950256
0.7683703303337097
1.6990660429000854
1.626811146736145
1.4707446098327637
1.073637843132019
-1.5419580936431885
-0.6802868843078613
-1.7891931533813477
-1.0327080488204956
-0.8278040885925293
1.6888458728790283
-0.47007864713668823
1.6377078294754028
-1.6992173194885254
0.467561811208725
-1.5269867181777954
-1.9474483728408813
-0.47131437063217163
0.39626601338386536
0.0
1.0
