2
1
2
20
20
-1.6110836267471313
0.5390573740005493
0.6207056641578674
-1.4243582487106323
-1.6192724704742432
-0.4899282455444336
-1.0756134986877441
-1.0542162656784058
-0.22097435593605042
-1.2895781993865967
-1.3283944129943848
0.6488466858863831
1.410525918006897
-1.2982592582702637
0.3670650124549866
1.9075685739517212
-0.5969489216804504
-0.10606400668621063
1.4919053316116333
1.843941569328308
0.6403114795684814
1.4992709159851074
-0.004709417466074228
0.008754737675189972
1.6689411401748657
-0.8080339431762695
-0.6545803546905518
-0.5110381245613098
-1.784683108329773
-0.03373514115810394
-2.24761962890625
-1.0292267799377441
-0.34384885430336
1.2136611938476562
-2.135643243789673
0.2070363163948059
-0.19154556095600128
-1.321363091468811
-0.2799965441226959
-0.2502395212650299
1.3190890550613403
0.43566471338272095
-0.9294745922088623
-1.0316245555877686
-0.13512776792049408
-0.5120851397514343
0.9792085886001587
0.3635515570640564
-0.8434620499610901
0.8853405117988586
-0.6174511909484863
-1.6077735424041748
1.475870966911316
0.6381163597106934
-2.008133888244629
-1.8661189079284668
0.00992246251553297
0.7201473116874695
-1.2915948629379272
0.3809564709663391
1.6442158222198486
0.9239833354949951
-0.1559990495443344
-1.97556734085083
-1.6205830574035645
1.1565839052200317
-0.5913407802581787
0.3629341423511505
1.185730218887329
-0.6367521286010742
0.7058076858520508
-2.2270710468292236
-0.285438597202301
1.2579110860824585
-0.10733765363693237
1.0975658893585205
-0.22619624435901642
-1.6481683254241943
-1.1205297708511353
-1.50583016872406
-0.67246413230896
-0.550500750541687
-1.3245841264724731
-2.1803035736083984
1.2382965087890625
0.30070531368255615
0.13174887001514435
1.4268720149993896
-1.859407663345337
0.9673299193382263
-2.0630505084991455
2.0118374824523926
-0.9420390129089355
1.1371486186981201
-1.663884162902832
-0.5028061866760254
1.2670598030090332
0.3320049047470093
-1.8466342687606812
-0.3644007742404938
-1.7892502546310425
0.32113394141197205
-1.7825950384140015
1.295979380607605
-0.21464915573596954
-1.1210016012191772
-1.1679251194000244
0.6690768599510193
-0.37669503688812256
-1.880812644958496
1.1725183725357056
0.07149673253297806
-0.838114857673645
-1.8850734233856201
0.05521726980805397
-1.8002378940582275
0.9883498549461365
-2.168003797531128
-0.340831995010376
-2.1478850841522217
0.5597071647644043
-0.24878047406673431
-0.580757200717926
0.641160249710083
1.6292833089828491
1.0343821048736572
2.0073318481445312
1.4407371282577515
0.9678725004196167
-1.299904227256775
0.08907577395439148
-0.9889592528343201
-1.3131647109985352
-0.6770737767219543
-1.9507298469543457
-0.9686926603317261
2.02138090133667
-1.8073064088821411
-1.5854014158248901
1.5951740741729736
1.5607891082763672
-1.1326496601104736
0.27868643403053284
-0.09071959555149078
1.62324059009552
-1.623948097229004
1.4783838987350464
-0.8200648427009583
1.3037693500518799
1.9215620756149292
1.7428587675094604
1.8721106052398682
1.4258592128753662
0.9729175567626953
-1.2263727188110352
0.7427063584327698
1.355098009109497
1.4268035888671875
1.754652500152588
1.9866220951080322
-1.8118641376495361
-0.5020312666893005
1.6165168285369873
-0.9130364656448364
-0.3047102093696594
0.6108683943748474
-0.4892381727695465
1.5414692163467407
0.6378828883171082
-0.34368833899497986
1.3307379484176636
0.3829372525215149
-0.32309862971305847
0.8233112096786499
1.7193862199783325
-1.5805602073669434
0.7559897899627686
1.7255988121032715
-0.516429603099823
0.929167628288269
0.9867842197418213
0.1494416743516922
-1.4445914030075073
-1.570880651473999
2.0155599117279053
-0.3687833547592163
-1.7109304666519165
-0.44015586376190186
1.3292529582977295
-1.0522167682647705
-1.8412870168685913
-0.871218740940094
0.3435765206813812
-1.6383830308914185
-1.0012457370758057
1.1215649843215942
-0.6518034934997559
-0.756056547164917
-1.0559351444244385
-1.2693026065826416
-1.6483579874038696
-0.7555062770843506
1.2104930877685547
0.3353479504585266
-0.6507437229156494
-0.9666450023651123
-0.5402455925941467
0.13597147166728973
-1.6350172758102417
-1.1504114866256714
-1.294127106666565
-1.6684057712554932
-0.1371796429157257
0.23490937054157257
0.9002034068107605
0.6659610867500305
-1.801230788230896
1.2312356233596802
0.5767688155174255
0.24116311967372894
0.13735303282737732
0.4944075047969818
-0.6584189534187317
-0.39052391052246094
-0.2675609588623047
0.5264447331428528
-1.1905081272125244
0.10584113001823425
-2.179596185684204
-1.1263614892959595
-1.39802086353302
-0.938521146774292
0.7271232008934021
-1.3827934265136719
-0.8006672859191895
-1.816648244857788
1.2582801580429077
1.4601972103118896
1.7412477731704712
-0.7821683883666992
-1.4102736711502075
-1.2890225648880005
-0.6692865490913391
1.4734307527542114
0.930493950843811
1.0267378091812134
-0.17664356529712677
-0.6553849577903748
0.1317354440689087
-1.2317851781845093
1.2321730852127075
1.6807821989059448
0.8174237608909607
-0.8175836205482483
-0.20912861824035645
-1.613442063331604
1.6544781923294067
0.10606319457292557
-1.1419726610183716
-0.15186797082424164
-0.3116607964038849
0.9197828769683838
0.48325175046920776
1.5359593629837036
-1.4876759052276611
-1.438066005706787
-1.3756200075149536
-0.8400496244430542
1.670541763305664
-0.3226768970489502
2.085603952407837
-0.9865274429321289
-0.7849716544151306
0.2775755822658539
0.718713104724884
-0.4673748314380646
-0.06303415447473526
0.22948713600635529
-1.3301016092300415
0.5391116142272949
0.9153322577476501
-1.501789927482605
0.8439525961875916
2.248711585998535
0.42435193061828613
0.5867984294891357
-1.001758098602295
1.3338500261306763
0.14984579384326935
-0.27361154556274414
-0.14903919398784637
-1.035318374633789
-1.0994631052017212
0.7396063208580017
0.18982850015163422
0.7189273834228516
-0.5505093932151794
-0.18537887930870056
-0.2265019416809082
1.1261522769927979
1.0844753980636597
1.215399980545044
-1.0944435596466064
0.7934160828590393
-1.6861536502838135
-1.8779971599578857
-1.871825933456421
1.1250773668289185
-0.9846200942993164
1.6583391427993774
1.5009891986846924
-0.4738399088382721
1.045866847038269
1.3889362812042236
-0.23088745772838593
0.17030107975006104
1.351095199584961
0.8423035740852356
1.059781789779663
-0.09631862491369247
1.7046281099319458
0.6320310235023499
-0.20516394078731537
0.254738986492157
-0.6309298872947693
-1.368575930595398
-0.047172706574201584
0.3387807607650757
-2.135438919067383
0.14684638381004333
0.5451902747154236
2.0789201259613037
-0.10648277401924133
2.093816041946411
-0.6523294448852539
0.45065635442733765
2.005362033843994
0.24859929084777832
0.5868863463401794
1.9437235593795776
-1.1190568208694458
-1.1154671907424927
-1.0195348262786865
-1.2622802257537842
0.2651086747646332
-0.9233567714691162
2.13230037689209
0.2722001373767853
0.6642118692398071
-0.9253058433532715
1.5650341510772705
1.8431109189987183
1.6884475946426392
0.6439530849456787
-1.5986063480377197
-0.8968541026115417
-1.859677791595459
-0.7147256731987
-1.630368709564209
1.0156201124191284
-0.20685172080993652
1.3065177202224731
0.3239341676235199
-1.127543330192566
0.982612669467926
-2.090683937072754
-2.1945316791534424
-0.20592445135116577
0.8087770938873291
1.1470177173614502
-1.0246342420578003
-0.6644788980484009
-0.9337672591209412
1.1268573999404907
-0.04443391039967537
1.5733720064163208
-0.24600118398666382
-1.5105090141296387
-0.8126782774925232
-1.7945483922958374
0.811076819896698
1.1387096643447876
-0.2139109969139099
1.0616405010223389
-1.7484852075576782
1.8316373825073242
0.4926724135875702
1.0913395881652832
2.1045114994049072
1.570930004119873
-0.785991907119751
1.4915404319763184
-1.7930833101272583
-0.9348147511482239
-0.06616126745939255
0.1804496943950653
-0.5292207598686218
1.1951313018798828
0.8072261214256287
-1.750994086265564
-1.7247947454452515
-1.3876127004623413
0.9264287948608398
-1.594652771949768
1.0693385601043701
-1.5046581029891968
-1.0900921821594238
-0.3588108420372009
-0.5615171790122986
0.4753641188144684
0.7730439305305481
0.3389934301376343
1.1553009748458862
0.5989149808883667
-0.3801819384098053
0.3828877806663513
-0.07322590053081512
-0.9730811715126038
-1.547034502029419
1.3144172430038452
1.0612181425094604
1.0765751600265503
-1.5343371629714966
-0.08656176924705505
1.2703322172164917
0.204611673951149
-0.30081579089164734
1.0291457176208496
-0.09590081125497818
-1.9566094875335693
1.4622763395309448
-0.3892701268196106
2.015578031539917
0.23202720284461975
-0.024846555665135384
-1.8868900537490845
0.9436725974082947
0.10326620191335678
1.5053417682647705
0.6434903740882874
1.1175776720046997
2.190500020980835
2.145618438720703
1.497947335243225
0.7707122564315796
0.9412569403648376
0.5287215113639832
0.7310779690742493
1.4178662300109863
-1.420504093170166
-0.8194223642349243
1.9308619499206543
0.9241182208061218
0.8937976360321045
0.8394683599472046
-0.6601340770721436
2.0627646446228027
2.0853710174560547
0.4812845289707184
-0.7252649068832397
1.496471643447876
-1.8488913774490356
-1.0554416179656982
-2.000471591949463
-2.1797244548797607
-2.039900779724121
-2.1175997257232666
-1.1433274745941162
1.501365303993225
1.8104939460754395
-0.20818667113780975
-1.624719262123108
-1.8223235607147217
-0.2561022639274597
2.044478416442871
1.2419366836547852
-1.1564207077026367
-0.38773825764656067
-1.3267383575439453
-0.44835948944091797
-0.8521457314491272
-0.7069359421730042
-1.2928199768066406
-0.5249629020690918
1.213853359222412
1.139309287071228
1.8567430973052979
-1.2526483535766602
-0.9416404962539673
1.3389230966567993
-0.9165239930152893
0.8420121669769287
0.8811333179473877
1.6191949844360352
-1.7161502838134766
-0.3597201704978943
-1.1471513509750366
-1.3776155710220337
-1.3492286205291748
-0.822910726070404
-0.04990777745842934
0.0
4.0
