2
1
2
20
20
1.361617088317871
1.4328360557556152
0.0
0.9958128929138184
0.6874279975891113
0.0
0.634084939956665
0.9473567008972168
0.0
0.4314250946044922
1.3972301483154297
0.0
-0.12807798385620117
-0.4185969829559326
0.0
1.1558125019073486
-1.3590867519378662
0.0
-1.3000760078430176
-0.4413989782333374
0.0
-0.5321449041366577
0.31307530403137207
0.0
-0.19752001762390137
-0.762426495552063
0.0
0.9607210159301758
-0.04427075386047363
0.0
-0.1892552375793457
0.02184462547302246
0.0
0.04043376445770264
1.4443049430847168
0.0
-0.09997379779815674
-1.46246337890625
0.0
-0.12888085842132568
0.5189824104309082
0.0
-0.6839618682861328
-0.4404512643814087
0.0
-0.04823434352874756
-1.2787292003631592
0.0
-0.25041282176971436
-1.3299990892410278
0.0
0.8223409652709961
0.1648693084716797
0.0
-1.2633486986160278
-0.9202347993850708
0.0
0.6328487396240234
-1.3246511220932007
0.0
-1.4979872703552246
1.1995515823364258
1.4161648750305176
-0.44286417961120605
0.6228823661804199
-0.9486958980560303
-0.6260161399841309
-0.1212923526763916
-0.6612474918365479
0.13841557502746582
0.4136542081832886
0.06887519359588623
0.3113672733306885
0.032120347023010254
0.6877033710479736
1.2853608131408691
-0.6812371015548706
-0.5679209232330322
-1.2784627676010132
1.2671418190002441
0.0
-0.9060230255126953
1.0032658576965332
0.9705526828765869
0.7434389591217041
-0.48881077766418457
1.0343966484069824
-1.3826483488082886
0.10668075084686279
0.5914099216461182
0.1444559097290039
-1.4065128564834595
-0.38146090507507324
-0.30088698863983154
0.9987609386444092
1.241137981414795
0.6683716773986816
-0.6568046808242798
0.28333961963653564
1.0690791606903076
-0.11322963237762451
0.0
0.8496987819671631
-0.4984041452407837
-0.28994929790496826
-1.2491827011108398
-0.24174892902374268
-0.6509660482406616
1.358581781387329
-0.4910513162612915
-0.4376814365386963
-0.7187715768814087
-0.2887086868286133
-0.6398327350616455
0.2527731657028198
0.6484861373901367
-0.9283847808837891
-0.8458439111709595
-0.9027986526489258
0.8518962860107422
-0.5687727928161621
-1.23426353931427
0.0
-1.3979140520095825
0.9055275917053223
-0.9951267242431641
1.0497913360595703
-0.21254324913024902
-0.6422317028045654
-0.7717891931533813
1.3672842979431152
0.8678216934204102
-0.1436673402786255
0.5550088882446289
-1.024215817451477
-0.9007934331893921
-0.0060378313064575195
0.8535754680633545
-1.4421308040618896
-0.828153133392334
0.497006893157959
1.0828537940979004
-1.3818840980529785
0.0
-1.1564548015594482
-0.05180025100708008
0.7535057067871094
-1.0251621007919312
-0.0028220415115356445
0.4277147054672241
-0.19757652282714844
-0.06409907341003418
1.0303573608398438
-1.1141756772994995
1.0366301536560059
0.18590962886810303
0.6448369026184082
1.4225943088531494
1.0159912109375
-0.2749521732330322
0.849970817565918
1.3625445365905762
0.8595290184020996
0.4875386953353882
0.0
1.2815842628479004
0.7496047019958496
0.6871426105499268
1.1980371475219727
1.2139930725097656
-0.31103217601776123
0.5011067390441895
-1.1561354398727417
0.3587840795516968
1.4650511741638184
0.8006694316864014
-0.9299615621566772
0.3655740022659302
-0.36251628398895264
-1.457169771194458
0.13052594661712646
-0.180641770362854
-0.292568564414978
-0.76030433177948
-1.4165593385696411
0.0
1.479787826538086
-0.9935120344161987
0.43168580532073975
-0.8726677894592285
-0.4882568120956421
-0.8563520908355713
0.7351541519165039
-1.482313871383667
-0.22118961811065674
-0.9328604936599731
-1.1721307039260864
-0.39989447593688965
0.6228783130645752
-0.37487661838531494
-0.8201569318771362
0.31697165966033936
0.4889388084411621
-1.3816591501235962
0.5167970657348633
1.1012141704559326
0.0
0.3682447671890259
0.10065901279449463
0.9479126930236816
0.5508027076721191
0.5417723655700684
-0.939590334892273
0.33972787857055664
-0.6068762540817261
0.8503570556640625
0.784064769744873
0.33547139167785645
0.7438349723815918
1.3229906558990479
-0.21857428550720215
0.16989433765411377
-0.34774303436279297
1.3374888896942139
1.1309638023376465
0.6132602691650391
-0.2289261817932129
0.0
-0.8635357618331909
1.2282509803771973
-1.0258558988571167
1.1419243812561035
1.0633313655853271
0.3472069501876831
0.20468366146087646
0.05649411678314209
-1.1274551153182983
-0.37887024879455566
-0.28556227684020996
-1.175506353378296
-1.0695512294769287
0.799370288848877
1.2029542922973633
-0.19299709796905518
-1.3740495443344116
-0.27555692195892334
0.7445836067199707
0.5362992286682129
0.0
-0.8920011520385742
0.4489520788192749
0.050994873046875
1.0212972164154053
-0.08542656898498535
1.3740811347961426
1.3057100772857666
-0.7129694223403931
-0.0563274621963501
1.4474940299987793
-0.4563556909561157
0.1570662260055542
-0.4155646562576294
1.002753734588623
0.9644680023193359
0.4407538175582886
1.0153813362121582
-0.6639057397842407
-0.8936891555786133
-0.25346481800079346
0.0
-0.14795207977294922
0.37965667247772217
-0.1038980484008789
0.5745644569396973
-0.15601837635040283
0.5264863967895508
0.9260387420654297
0.9774165153503418
-0.13416337966918945
-0.6383349895477295
0.3820488452911377
-0.8455463647842407
-0.2957632541656494
-1.3235599994659424
0.17203974723815918
1.3639492988586426
-1.3434913158416748
0.6409196853637695
-0.6571387052536011
1.1483840942382812
0.0
-0.6637101173400879
-0.782076358795166
0.667945384979248
-0.6970224380493164
0.5512738227844238
0.30878984928131104
0.14215707778930664
-0.22355568408966064
0.5939340591430664
-0.025833964347839355
0.12854182720184326
1.372361183166504
0.38796401023864746
-0.6637705564498901
-0.42482149600982666
1.0741262435913086
0.9702637195587158
0.7394864559173584
0.7911148071289062
-0.8568660020828247
0.0
-0.7461698055267334
-0.4094853401184082
-1.2392152547836304
1.4039816856384277
-0.25822341442108154
-0.5769345760345459
0.5721721649169922
1.3711552619934082
1.3218488693237305
-0.6717664003372192
0.3325127363204956
-0.9128215312957764
0.34509193897247314
-1.3613827228546143
1.4269659519195557
-1.3612332344055176
0.49502313137054443
-1.3971433639526367
1.2707483768463135
0.5591592788696289
0.0
-1.1776292324066162
0.7456564903259277
-0.2650787830352783
-1.308207392692566
-0.8674517869949341
-0.05437338352203369
-1.01137375831604
-0.13259375095367432
1.1081409454345703
-1.064144253730774
0.1935642957687378
1.3593554496765137
-1.196793794631958
-0.12684738636016846
-1.4495083093643188
-0.03773796558380127
0.4407402276992798
0.981935977935791
1.3151135444641113
-0.11839020252227783
0.0
0.8140103816986084
-0.6706928014755249
-0.061919331550598145
-0.30551397800445557
0.8871166706085205
-1.274813175201416
-0.30956733226776123
-1.0961211919784546
-1.46336030960083
0.7767271995544434
-0.9526433944702148
-0.8347717523574829
-0.7021951675415039
0.45089149475097656
-0.965790867805481
0.8244888782501221
-0.5580689907073975
-0.4112420082092285
-0.1058875322341919
-1.2833476066589355
0.0
0.30261754989624023
-1.4248723983764648
-1.0649818181991577
-0.16746604442596436
-0.7751419544219971
0.2485424280166626
-0.5523004531860352
1.1184186935424805
-1.0646485090255737
-0.8149720430374146
-0.7245748043060303
0.37185966968536377
0.7592201232910156
-0.8215513229370117
0.4134707450866699
-1.4223135709762573
-1.3733071088790894
0.45471131801605225
0.330214262008667
0.39498138427734375
0.0
-0.08019161224365234
-0.8864468336105347
1.0558269023895264
0.3954448699951172
-0.1323537826538086
0.7519302368164062
-0.856309175491333
0.3943812847137451
-0.7539968490600586
-1.0797675848007202
0.0760878324508667
0.581507682800293
0.44625699520111084
-1.1119941473007202
-1.2246880531311035
-0.5789705514907837
1.2942874431610107
-0.8002384901046753
1.252946376800537
0.1583855152130127
0.0
-0.06970667839050293
-1.2764697074890137
-1.4997196197509766
0.9940245151519775
0.44165146350860596
0.7605071067810059
1.357560157775879
-0.46664607524871826
0.014451384544372559
-0.36221444606781006
0.20764374732971191
-0.9554761648178101
-1.461013913154602
-0.8832718133926392
-0.10085427761077881
0.6402976512908936
-0.26431167125701904
1.340616226196289
-0.2729405164718628
-0.45358872413635254
0.0
0.5518677234649658
1.2738747596740723
-1.1120599508285522
0.9363431930541992
1.2239041328430176
-0.27006447315216064
-1.3317571878433228
-1.3704206943511963
0.7063121795654297
-0.31123101711273193
-1.1805742979049683
-1.1984821557998657
1.347590446472168
1.1519694328308105
-0.31229567527770996
1.3829622268676758
-0.274391770362854
-1.1134024858474731
0.5402975082397461
-1.356215000152588
0.0
0.21682047843933105
-1.4203906059265137
0.9443185329437256
1.229161262512207
-0.5883936882019043
-0.9500091075897217
-0.7893630266189575
-0.4779170751571655
-0.21315979957580566
-1.0849024057388306
1.4680671691894531
1.46160888671875
1.1939806938171387
-0.9713459014892578
1.001420021057129
0.9085373878479004
0.47683918476104736
0.9140489101409912
-0.18906748294830322
-0.7794721126556396
0.0
-1.4985759258270264
0.09737348556518555
-0.9057258367538452
-1.1828405857086182
0.9268112182617188
0.6641597747802734
-0.48950207233428955
-0.7539288997650146
0.542506217956543
-0.33254313468933105
-1.0871518850326538
0.6351063251495361
-0.8715258836746216
-1.3726376295089722
-1.0756394863128662
0.4252356290817261
-0.1881312131881714
-0.8602076768875122
-0.3469308614730835
-0.6891485452651978
0.0
0.0
1.0
