2
1
2
20
20
-5.2480855553522676e-39
9.090033962782404e-39
-0.5412195324897766
-0.005812176037579775
0.07028979063034058
0.09939233958721161
0.07275951653718948
-0.5981062054634094
0.8291328549385071
-0.034011803567409515
0.27681413292884827
0.48370739817619324
-1.5962940551617066e-06
6.785715489443769e-30
-0.39859578013420105
0.061891116201877594
-0.5097057819366455
0.7052158713340759
0.05044371262192726
-0.41285020112991333
0.5824238657951355
-0.009845520369708538
0.09539832174777985
0.1458650827407837
0.08876178413629532
-0.7316468358039856
1.0401288270950317
0.009035611525177956
-0.07352056354284286
0.5561239719390869
0.01950683631002903
-0.15952810645103455
0.2623943090438843
5.5663233069935814e-05
-8.124758892336104e-07
-0.43129032850265503
0.06456435471773148
-0.5291842222213745
0.753478467464447
0.021941356360912323
-0.17886391282081604
0.37316012382507324
7.355810805407904e-39
-5.719988227496757e-39
-0.1628279834985733
0.018161797896027565
-0.14841967821121216
0.21673420071601868
-6.376984209898519e-39
6.375950051631847e-39
-0.30034828186035156
-0.015150425024330616
0.12599016726016998
0.2060176581144333
-0.00576115632429719
-0.00014868559082970023
-0.1327897012233734
0.06076421961188316
-0.4976789355278015
0.7003936767578125
1.480794537559513e-18
-0.025988034904003143
0.22331774234771729
-0.10471998155117035
3.962247137678787e-05
0.18982145190238953
0.15427415072917938
-0.08276312053203583
0.27190983295440674
0.02542858198285103
0.05982331559062004
-6.80433689688437e-16
0.197050541639328
0.05034137889742851
2.3248927270563202e-34
0.055459097027778625
-3.402511858886203e-38
-0.047525554895401
9.222602557201753e-07
0.18380489945411682
0.14771389961242676
-3.7408071684302575e-38
1.7682419638731517e-05
-2.5935859362946623e-12
-3.600803893277771e-06
1.4508127605949994e-06
-0.00018331423052586615
1.0142854549924958e-18
0.00820774957537651
2.499527695931647e-09
2.9993940188433044e-05
4.226222154102288e-05
6.017524260999718e-13
5.3636960324621175e-12
-0.01929822377860546
-3.25011056458162e-20
0.0014757569879293442
-3.5908239517160294e-38
4.781009366183753e-08
-3.7199930602582754e-07
6.050777377169257e-18
-0.10845163464546204
-9.740642781252973e-07
0.004185815341770649
-0.03464749455451965
0.017616096884012222
-2.4867944375728257e-05
-0.029484948143363
-0.02391023188829422
0.005824577063322067
-0.04246649891138077
-0.0035930860321968794
-0.009234539233148098
-2.906704139604699e-05
-0.03067549131810665
-0.010235056281089783
3.653975989348063e-38
-0.008593643084168434
3.651020931146495e-38
0.007826710119843483
-6.330635187623557e-06
-0.028826791793107986
0.33769258856773376
3.631215258911421e-38
-0.06812012195587158
0.837008535861969
-0.427853524684906
2.4314365873578936e-05
0.7112288475036621
0.5787591338157654
-0.13230688869953156
1.0328446626663208
0.08022329956293106
0.22964893281459808
2.3572780264657922e-05
0.7437174916267395
0.23747475445270538
-3.7624123881532175e-38
0.2117573767900467
2.455131834722124e-06
-0.1792859435081482
-0.0024536633864045143
0.6200279593467712
0.4808942377567291
3.55439467579867e-38
-0.02040964551270008
0.17850835621356964
-0.08146864920854568
7.449597943618914e-27
0.1522209346294403
0.12357226759195328
-0.028219979256391525
0.21886220574378967
0.02197168581187725
0.047958891838788986
1.39831363412668e-05
0.15844015777111053
0.053627271205186844
-4.247318642625064e-12
0.0444447323679924
-1.4200195437297225e-05
-0.037383172661066055
2.7542996772211836e-09
0.14728127419948578
0.06791363656520844
-3.340593783837264e-20
-0.09897363930940628
0.9397274851799011
-0.4234144985675812
5.0165642306865266e-08
0.8004246354103088
0.6542903780937195
-0.14374741911888123
1.165944218635559
0.11166725307703018
0.2583465874195099
-0.0031422532629221678
0.8327455520629883
0.28525230288505554
3.740723090522398e-38
0.23385468125343323
1.6543992129066134e-31
-0.1852060705423355
-0.002098990138620138
0.7886818051338196
0.36271896958351135
1.549464549721602e-12
0.0013043232029303908
-0.011172234080731869
0.006560334004461765
1.1260511791403735e-27
-0.00953457411378622
-0.007729162462055683
0.0019175380002707243
-0.01406016107648611
-0.0009818482212722301
-0.0006487568025477231
0.001110178418457508
-0.009984487667679787
-0.003295604605227709
-8.52016637509223e-06
-0.0028117243200540543
6.339605988614494e-06
0.002557294676080346
0.0027302266098558903
-0.009428094141185284
0.1082785427570343
-3.6900829666186277e-38
-2.1497926948556283e-23
4.071952997009021e-09
1.1927542000593149e-37
0.0008767705876380205
7.010341960267397e-06
0.005613842513412237
-3.7136539278273426e-38
1.8099017076722568e-11
-1.6553724210931587e-20
0.0005617848364636302
2.1677390993346535e-09
2.0238510842318647e-05
-0.06389165669679642
1.6015891666679811e-15
2.1639642339476476e-37
2.955392029416854e-22
4.8642850164482e-11
0.014868857339024544
-6.645093528519132e-23
-0.31205981969833374
-3.62591414682088e-38
2.2547741536982358e-05
-0.009541071951389313
-0.0016653566854074597
-2.9620979334708114e-15
0.0006700079538859427
4.159940999670653e-06
6.57585615350097e-23
1.7846604727887738e-13
0.002683816244825721
-0.0051236944273114204
0.003997116815298796
1.4795323169738972e-12
-0.00554997380822897
0.010619163513183594
-2.3641847804595553e-20
3.8771361329081045e-38
4.560373094917963e-35
3.7753525386921786e-38
0.01296151615679264
-0.31210407614707947
-1.4279749848356005e-05
-0.05248064175248146
0.4970143735408783
-0.23807558417320251
0.00455486448481679
0.5110623240470886
0.34210267663002014
-0.07913609594106674
0.6154510378837585
0.048748522996902466
0.1340348869562149
-0.14381176233291626
0.31054744124412537
0.19652123749256134
1.4849019675146304e-20
0.014223620295524597
-1.2865535836681374e-07
-0.10499842464923859
5.521817001863383e-05
0.41432082653045654
0.2422676533460617
2.1750450399093957e-11
-0.3258960247039795
1.6977459192276
-0.7759174108505249
-0.0001063636300386861
1.4115166664123535
1.1254948377609253
-0.295051246881485
1.9058855772018433
0.2743702232837677
0.3845039904117584
-0.06076721101999283
1.5071231126785278
0.5423459410667419
5.495729689086419e-28
0.430306077003479
-3.7095716651410716e-38
-0.35213717818260193
-0.32609301805496216
1.3971489667892456
0.7541517615318298
4.214585351292044e-05
-0.12796714901924133
1.2375932931900024
-0.6163620948791504
4.061781510245055e-05
1.0502671003341675
0.8562116622924805
-0.1881144791841507
1.5269662141799927
0.1629420667886734
0.33846408128738403
5.979894922347739e-06
1.0324265956878662
0.3725055754184723
-0.005022713914513588
0.3077806234359741
-9.196759989080216e-27
-0.2559940218925476
-0.00121592590585351
1.0270576477050781
0.581710159778595
3.5934611954258887e-38
-0.04204044118523598
0.4021452069282532
-0.1775166243314743
-8.117947286612193e-11
0.33950158953666687
0.2779702842235565
-0.06432542204856873
0.49527090787887573
0.03925261273980141
0.12489725649356842
-1.549142342183174e-10
0.3574489951133728
0.12052088975906372
1.3300487726637322e-24
0.1002308800816536
-7.304736426549906e-27
-0.08634249866008759
0.00010776033013826236
0.33618757128715515
0.1829637587070465
4.3854637624463066e-05
-0.11444643884897232
0.8107084035873413
-0.28623372316360474
-4.580463070467944e-13
0.7441117167472839
0.5940452814102173
-0.13609762489795685
1.0775322914123535
-0.006134823430329561
0.25810739398002625
0.007072663865983486
0.7708138823509216
0.1181381568312645
-4.234588050167076e-05
0.21461443603038788
-3.7133120110020474e-38
-0.18575124442577362
-0.0006137234158813953
0.7276120781898499
0.3846398890018463
-3.764458003651439e-38
-0.06379009038209915
0.5792329907417297
-0.23180578649044037
4.379454912850633e-05
0.49192988872528076
0.4002206027507782
-0.09372621029615402
0.7108446359634399
0.09608440846204758
0.155562162399292
-1.9798743200460933e-10
0.512963593006134
0.17242732644081116
-7.210432303858013e-28
0.14373940229415894
3.728119251614875e-38
-0.12697070837020874
-0.0006817376706749201
0.4821399748325348
0.3369044363498688
3.5863156942966036e-38
-3.47752290963399e-07
3.2181987990043126e-06
-1.3817918897984782e-06
-3.765377535703729e-38
2.7416899683885276e-06
2.2228505258681253e-06
-4.7680467218924605e-07
3.939460384572158e-06
8.706000471647712e-07
8.648371476738248e-07
-3.6909237456972226e-38
2.849087650247384e-06
9.786416512724827e-07
3.272472911110621e-24
8.002933213901997e-07
3.7134134650108645e-38
-6.304529733824893e-07
-3.811535186079817e-38
2.6587676984490827e-06
4.3466073407216754e-07
-3.635331993539914e-38
0.004043120425194502
-0.0335073284804821
0.016719503328204155
-1.1979221198998857e-05
-0.028551790863275528
-0.023137377575039864
0.005613700952380896
-0.041054412722587585
-0.0035596333909779787
-0.008937283419072628
-2.434549254695548e-20
-0.02967297099530697
-0.00991089828312397
-3.5575319028006004e-38
-0.00831617135554552
-3.607820020530132e-38
0.007460569031536579
-5.24840544358085e-08
-0.02789287455379963
0.32702648639678955
-3.750695851433305e-38
0.006676340941339731
-0.055258505046367645
0.02983291819691658
-1.643914657734058e-07
-0.04729647561907768
-0.038128241896629333
0.003791267052292824
-0.06795133650302887
-0.00442570261657238
-0.053547393530607224
1.0138968793227746e-13
-0.04168347641825676
-0.01408371515572071
3.5490932834484363e-38
-0.013699258677661419
3.633815228082129e-38
0.012713853269815445
0.0009384193690493703
-0.04667441546916962
0.5432406663894653
0.0012873177183791995
0.0016464832006022334
-0.001229017972946167
0.010383538901805878
3.912637839675881e-05
-0.0018960620509460568
-0.0009729306329973042
0.0007698914851062
-0.007998832501471043
0.005475460551679134
-0.000340707745635882
-5.242604572686105e-08
-0.0011711128754541278
0.0022021662443876266
3.6548840307529455e-38
-0.0003642111551016569
-5.899264670133564e-23
0.0009098700829781592
-4.9331407353747636e-05
-0.0011363490484654903
0.01779087260365486
9.138675372000193e-10
-0.07220195978879929
0.9473330974578857
-0.4336784780025482
2.388601160419057e-06
0.8016596436500549
0.6554757356643677
-0.1469261348247528
1.160735845565796
0.09489941596984863
0.25612741708755493
6.751756131961884e-08
0.841843843460083
0.2845365107059479
6.822936547198262e-27
0.23561961948871613
-2.7040560073752617e-20
-0.19778037071228027
-0.00013844108616467565
0.787390947341919
0.4262770116329193
0.027659254148602486
2.504301123250346e-39
-0.004408131819218397
0.10291927307844162
0.022128935903310776
0.11698636412620544
-0.0014330409467220306
-1.1064847454795297e-38
1.9092187108978476e-39
0.06075555458664894
0.20479413866996765
0.1528806835412979
0.04993295297026634
0.1048559620976448
0.07153621315956116
3.984132206369395e-07
-0.004258304834365845
-0.0071249050088226795
-0.00042569843935780227
0.11724909394979477
0.2795535624027252
0.0
1.0
